Intervalli bande:
 delta=[1,3]Hz
 theta=[4,7]Hz
 alpha=[8,12]Hz
 beta=[13,24]Hz
 low gamma=[30,45]Hz

Di seguito la matrice 128x5 contenente per ogni riga i valori di potenza (media) relativa per ogni banda del canale i-esimo:

 [0.586961913678954 0.30110382521733 0.0607397695568186 0.0293032696031869 0.0158067048781824
0.620625810119912 0.278211892074073 0.0589184544918833 0.0269701595637858 0.0106304283745869
0.4652762448384 0.380098923622226 0.0911973264798415 0.0388721918331091 0.0168305722185143
0.452270773656662 0.398418143424046 0.0880134410443155 0.0377723685594653 0.0159241982455569
0.527163166890481 0.358123662829388 0.0697659908803874 0.0278043411246913 0.0109102423959691
0.606268707861359 0.266158829497295 0.0806968101363085 0.0280709762676946 0.0131493699073
0.557010338484498 0.284111583044393 0.0925346558552825 0.0436691252876134 0.0151145327815619
0.587602533268018 0.28009299430834 0.0550420240840929 0.0349541490311764 0.0305192770500104
0.760159623745464 0.139978161694004 0.0411071947002513 0.0292105161922408 0.0212036149562892
0.495285793322617 0.386842874062605 0.0643219938370562 0.032982250913175 0.0140693276518667
0.515514958064324 0.367256353842034 0.0619319210445595 0.0348830200911049 0.0139838099423114
0.527642092846363 0.352075177442926 0.0650967422632091 0.0350030412171924 0.0134815860416864
0.537829879254223 0.333710795149038 0.0685469023320343 0.0399517363599 0.0136160815541451
0.493100437740938 0.39205763588872 0.0570261679988791 0.0309983926135219 0.0190612089410581
0.486708057414938 0.395758917367838 0.0611291976123418 0.0333934230746386 0.0159566163742739
0.505630495970021 0.375260314228115 0.0633696891121176 0.0346642519754627 0.0144866389385964
0.535025094289723 0.365443324989779 0.0472017616702972 0.0255960513946681 0.0198926920302
0.502348860185657 0.376662252650064 0.0633085427057784 0.0352143181647335 0.0155546290630388
0.50957950352971 0.364806847047327 0.0671573460683797 0.036240320794765 0.015127451770458
0.518979206176561 0.346243050261557 0.0741873556044546 0.0379829174989144 0.0155361514721489
0.536017287452551 0.345414230285434 0.0536761567547576 0.033973806922275 0.0227690185466232
0.551256368016854 0.330521671049509 0.0594757312922359 0.0339047484164847 0.0176093512325315
0.507971423001284 0.344214300792106 0.0749818659257672 0.0414256137584488 0.0219986998127398
0.511044360025522 0.34090365573023 0.0788249023448519 0.041325285926221 0.0199554698612374
0.600980361943918 0.290116546162054 0.0466662371918227 0.0324506438455165 0.0218673035434509
0.531154975510198 0.331850929389315 0.0709044419592119 0.0376374050967884 0.0198699289741324
0.526591796004177 0.329280446614559 0.0790225544437398 0.0374866637557441 0.0191958737783988
0.513133252546066 0.329534658865725 0.0852302790373339 0.0429980135619898 0.0201850340678529
0.512672092406852 0.342611893571251 0.078952232422714 0.0416247198895894 0.0167590933965262
0.571987557192688 0.288276430183237 0.0789114503782834 0.0396395841014652 0.0148081308534373
0.512765733934704 0.333806104541672 0.0881527782508957 0.04119119137916 0.0156778391582731
0.535632525753313 0.348451967411503 0.0603180543063856 0.0325939477960438 0.0154632851415939
0.516387115979333 0.351513605642962 0.072404051340828 0.034991812878988 0.0167278815383821
0.513574837516993 0.333688424376386 0.0847353023556633 0.038792857219413 0.0199607479426038
0.499357965556053 0.322063991181057 0.0963067632264291 0.0478408124533079 0.0230101891478881
0.521884193062618 0.330236006246636 0.0811439183554047 0.0405779348554814 0.0179103439533616
0.527575822542124 0.322252217470952 0.0807872264097231 0.0458939893629067 0.0151063189350365
0.516462090769856 0.359753218315764 0.0662997098640524 0.0338014678463404 0.0155085414488237
0.496789375113253 0.345361458381274 0.0836667015384025 0.041423440524221 0.022020742124936
0.470692945882026 0.350055601497112 0.0904074006673394 0.0501721187964408 0.0252771853573249
0.473683689634468 0.337109711999687 0.0969430314378718 0.0539265297028299 0.0247351186985904
0.457864470510661 0.372392025974103 0.0871998699390921 0.0477391650255445 0.0218814879017757
0.527728548248261 0.355262097301434 0.0614226051053842 0.0320107188103665 0.0151458912837578
0.501995554231182 0.364170465498548 0.0731309021457072 0.0356558041472621 0.0164437425675992
0.450892655095506 0.345136563630453 0.0953062911782982 0.0560254141363102 0.0326876911413729
0.458777494758453 0.342400689001897 0.1015095049309 0.0547012995744502 0.0270575629342516
0.451135324628946 0.3524708090784 0.0992234692638432 0.0560151992651044 0.0259941781744915
0.501834482086575 0.380341861114282 0.0599913693659535 0.0330438491905287 0.015989215949309
0.502729492690842 0.364861388421464 0.0696184462838796 0.0345002445563351 0.0176540388486264
0.42962355653271 0.372154365221244 0.101670593145034 0.0513580381856349 0.0286046276304465
0.457134736722703 0.369203173891701 0.0934226118796644 0.0442073925546182 0.022843503801116
0.471079017598175 0.346304497471827 0.09876054942434 0.0495024885236139 0.0218185126468802
0.461410047209044 0.38138491679159 0.0922521858381133 0.0392039696329738 0.016783040905942
0.505613203444561 0.340946797516004 0.0869075002993908 0.0387756191118562 0.0180282650993602
0.54853573857963 0.298944084560732 0.0909659378875639 0.0444229005420841 0.0117813563332432
0.439098988221653 0.382582348448606 0.0901359721385158 0.0494470731917308 0.0256483574991206
0.438066988704697 0.380358273141879 0.0926677837463657 0.0490598136840599 0.0269852348072161
0.421298092427805 0.409640695645203 0.0915332086661074 0.0421352291002645 0.0237549870944315
0.417392707908836 0.417945635482866 0.0921822326205011 0.0402779017971577 0.0210613086617828
0.49347142362011 0.342690137224586 0.0927375444180524 0.0415027525675379 0.019019988160154
0.485233581086331 0.355951687743672 0.0972549376496113 0.0361229591150125 0.0164474407461278
0.519991902325614 0.346802975690451 0.0811984644742156 0.030087661489543 0.0138108412326664
0.424072207143095 0.385002457109388 0.0840052424255178 0.0494146203551579 0.0425826602807819
0.417928255748519 0.409032232606184 0.0836351611653853 0.0443497276361507 0.0331157239968202
0.412051213359647 0.440811606588986 0.0813892350131753 0.0346993184833731 0.0219594987188333
0.424928877795593 0.430188907894684 0.0848520688187219 0.0328434006864113 0.0181431166703014
0.477922497811789 0.368656002457971 0.0929329666161823 0.0345908312865064 0.0168829960363163
0.401229428075379 0.357479763768321 0.0769781234139945 0.0653356479832895 0.0801508428412529
0.423494507823621 0.381891931859952 0.0797798398441383 0.0502400847511015 0.0506233033283107
0.470763549611875 0.375067902555282 0.0887487318699341 0.0325135863666784 0.0236654288121493
0.476604223252041 0.375054787884308 0.0895700180596078 0.0336335323533175 0.0162088820652407
0.466613339386483 0.387894477348314 0.0861458672285413 0.0337034192241631 0.0160214447204619
0.45861640413578 0.378125764413621 0.0779672284160476 0.0417276715397185 0.0320140652712883
0.451861145371874 0.381350049177481 0.0892643940236963 0.0400317784138201 0.0267832667053094
0.452224176437252 0.378948368671854 0.101284617534532 0.0389570718573535 0.0187088483762654
0.459546083907578 0.385550354749678 0.0936763081459176 0.035570437995284 0.0164108181125658
0.516982737464451 0.360803681104001 0.0686274871578013 0.0309611426860235 0.0136272484843022
0.503972964495974 0.359721090294315 0.0740649992703752 0.0337576336866823 0.0171459992951465
0.50289384026614 0.346707855083378 0.0760506428515715 0.0408589126259675 0.021927478847992
0.43607716348891 0.440319187110807 0.0664587181938917 0.031508635816075 0.0171279666676203
0.44349010697565 0.408015633763135 0.0791291800733863 0.0378291660786277 0.0202512588615995
0.450188483074447 0.386536145185048 0.0912699309498641 0.041331406882663 0.0201216179661964
0.422163338492079 0.408162035365398 0.0952645180833151 0.0434711657212681 0.0195486240367473
0.394530831094841 0.441712326447744 0.0903329518952853 0.0419035214621319 0.0191430766475328
0.405848929883831 0.413000719498703 0.0974353432159042 0.0456155745795664 0.0228774183182292
0.416278132186318 0.373545427485162 0.113615831003592 0.0525607024653365 0.0265913175424618
0.410163364885999 0.395708500304376 0.0999294512282492 0.0508969044068753 0.0272916889036506
0.437875950358658 0.412010677458069 0.0755084055116271 0.0389667679275504 0.0228695638653634
0.430817496183225 0.406790185636599 0.084870676651627 0.0431699164139458 0.021833200801742
0.391608735770614 0.439134979550302 0.0931602459593623 0.0412604112952166 0.0207840870881276
0.407252851062783 0.404695494853701 0.101856438112649 0.0467261262811386 0.0235243409703172
0.404850010867919 0.394078108378418 0.109121191369948 0.0503003252461061 0.0245184498371613
0.384480065475303 0.387208794988217 0.123090801543927 0.0570594352318656 0.0292737174849475
0.431421096320418 0.421163267060932 0.0781530201367897 0.0381005267154318 0.0195651213998115
0.374422561511126 0.397300838004309 0.0824630189058623 0.0788899897029482 0.0454932571228869
0.396561108630901 0.419584925100336 0.101858117792677 0.0450510385292 0.0217216921294769
0.405425910612055 0.392910042425788 0.110776189878833 0.0498755928179446 0.0241131156066433
0.386319582493751 0.387647654577266 0.121647698079606 0.0575701027560232 0.0278232217980471
0.463809921626475 0.391994020237988 0.0770845791978361 0.0389843493319559 0.0184073946155241
0.434705186173358 0.401180115044495 0.0925145986078882 0.0406227755852596 0.0188542678419622
0.399266620488996 0.402334818735931 0.109840886650349 0.0484514888859759 0.0237046261045309
0.37989641758677 0.396194601681814 0.121426064980339 0.056405818766667 0.0276517617463489
0.376635892078035 0.387847896306687 0.127327842392132 0.0585964027842356 0.0311064877338109
0.41060369616608 0.381834927178667 0.113802862082609 0.0499858411301956 0.0286014175707913
0.415861862843512 0.387634873367881 0.104533879405828 0.0507040161622749 0.0261761756089454
0.367871915165728 0.473126102495298 0.0871511162892255 0.0421885100490728 0.0205777854367968
0.52322590236367 0.354629492301145 0.0699823528176621 0.0305915983930863 0.0139759491130912
0.394094744291286 0.388481644582842 0.117878126312226 0.0544217205144814 0.0275298383562172
0.398789251686353 0.383442984606072 0.12031720711962 0.0536968378697592 0.0267661015125752
0.403913916846825 0.385170082461715 0.123923296712727 0.0494824920070089 0.0251302805199654
0.424836968938166 0.380071326128255 0.113237356294093 0.0457373316389456 0.0236490871635446
0.394151025983083 0.413009743749477 0.0977152926269849 0.0551026851224943 0.0256249275112095
0.648893605993013 0.266320491495205 0.0472411244449673 0.0221272759651388 0.010597865080977
0.465503668324578 0.367758044384413 0.0852655501021385 0.0444988339356232 0.0244970360369759
0.411276080682393 0.391756581017357 0.103085128394211 0.0507891054530156 0.0281247925239053
0.404919058764156 0.381893939081617 0.130566007523741 0.0479406328291497 0.0233328487707353
0.401790080191609 0.400004595544594 0.116997408025331 0.0493372365728079 0.0220007314928055
0.440274660204409 0.388615040177387 0.0982465014985414 0.0415200339021911 0.0210426360602162
0.794082789931419 0.159009230762448 0.0247279823506791 0.0133467528120182 0.00622935366468504
0.744626656271657 0.194288921681062 0.0338061221389037 0.0170886548293656 0.00708216734714107
0.581060147321034 0.306927967620512 0.0615783757143314 0.0298802606762995 0.0141608206092002
0.447837248773973 0.381186093416239 0.0938783915365253 0.0442115277911249 0.0233197891810784
0.411327916100029 0.403055295520823 0.108237469199241 0.0463879238084566 0.0218682637536215
0.412468963030213 0.404440067251277 0.107643910517558 0.0458140703336006 0.0204792219181118
0.843907173644882 0.123232958597662 0.0182287785596128 0.0100367436938426 0.00318443245480207
0.864662708273369 0.107034400746468 0.0155252603940268 0.00888476769820134 0.00264877733975001
0.645852571045769 0.306737267937091 0.0282758698870107 0.0131320546238354 0.00411656602003858
0.584061883201347 0.319729310163991 0.0475723757592589 0.0281339995366126 0.0137678708828231]