Intervalli bande:
 delta=[1,3]Hz
 theta=[4,7]Hz
 alpha=[8,12]Hz
 beta=[13,24]Hz
 low gamma=[30,45]Hz

Di seguito la matrice 128x5 contenente per ogni riga i valori di potenza (media) relativa per ogni banda del canale i-esimo:

 [0.388084570059316 0.521793842716407 0.0485303863824561 0.0214009108637941 0.0136410140113644
0.420376579572704 0.499142234602505 0.0449938542165744 0.0190217759668503 0.0106036920004194
0.395324849473978 0.501231909114349 0.0600265918351597 0.0247199036659037 0.0121342672949366
0.385933284507483 0.509569264657852 0.0600730598210007 0.025030865829104 0.012642449360504
0.459504277829638 0.466252170006466 0.0403923528693284 0.0188952529889794 0.00924117119562032
0.56677954669218 0.370390804075716 0.0323120305837894 0.0186120123414625 0.00783540992342352
0.536041293659627 0.375490852209137 0.0531955740883993 0.0217867417912218 0.00864647273964848
0.364816648085666 0.512619484144843 0.0519200192308627 0.0309577087486073 0.0272790817781738
0.451641890668864 0.359751127812959 0.0614536471690177 0.0549138527889214 0.0503354800675395
0.369219230095401 0.536564537199893 0.0544749302999778 0.0217001518804918 0.0117577033724251
0.396898993569062 0.500273649644716 0.0608500915972723 0.0236665177516586 0.0122952112180098
0.409951285693166 0.486880481418901 0.0616301820053037 0.0242014640164949 0.0117650502463075
0.454113392003498 0.436916947954585 0.0668080428847814 0.0253102940923471 0.0115455199428903
0.327614367047187 0.571276978575229 0.0532332414044896 0.0233763563104463 0.0167835628764423
0.354726861977771 0.547343249509283 0.0560708440502145 0.0226393101955378 0.0130866526106356
0.380361070573815 0.518509296779284 0.0596414176489266 0.0229655159337435 0.0124615542226516
0.352258366492797 0.544715793828005 0.0511243043692681 0.0236920497641079 0.0205525712254977
0.379430983854203 0.513516373471757 0.0634239162861793 0.024390887216967 0.0131087696263234
0.400338385237925 0.487730556475472 0.0674829021508944 0.0253511323257429 0.0131614890754694
0.427649648874808 0.449693520391706 0.0755508413006008 0.0275280916362333 0.0133538341404791
0.350839936760143 0.528855486147182 0.058869928525657 0.028208108915053 0.0226671863653948
0.380123402469528 0.504768570180389 0.0645653776495341 0.0271608204274675 0.0162777448836805
0.382178868356734 0.485694033586589 0.0719917651750815 0.0331482477217028 0.0191066004270963
0.405212003989573 0.462642781121737 0.0772761590223889 0.0313159404567729 0.0164041037071751
0.449663284776671 0.443909397327293 0.0531927282955552 0.0258400736636885 0.0188190965807533
0.447512488640113 0.441452590308467 0.0658226762261129 0.0244143300570583 0.0148504544787312
0.451116914807881 0.428955061721633 0.0741259337530703 0.025759054235116 0.0136514852742647
0.453353309509036 0.400487237077626 0.0922053659105301 0.0307720663867107 0.015032226237662
0.444243934871208 0.420960943017071 0.0837005235143849 0.0298098931510195 0.0145253834957496
0.493407119652763 0.39718999507915 0.0682847911326692 0.0258780630047681 0.0103263999853301
0.496101821831494 0.408930959912246 0.0551360911444166 0.0239798895563563 0.00998251978236869
0.497229021386279 0.423267219216901 0.0465169166908201 0.0179496564587566 0.0105440882187122
0.486698966340354 0.416911073096425 0.0581601094291336 0.0213466114213158 0.0114914709130453
0.465070751546399 0.398230927864497 0.0854495311925013 0.028601709088093 0.0147483499339533
0.456257977022726 0.38479650657174 0.0967893524482556 0.0352571973265483 0.0169740766809536
0.459260920657687 0.39608632690944 0.0887186253447626 0.0337377665894826 0.0148371891372321
0.503948669204364 0.395760007965684 0.0570875201306186 0.0256263000971127 0.0107463807746242
0.49304477135531 0.42307785083624 0.0485994967967033 0.019559004187892 0.0106687598051537
0.494222051296351 0.385020391169781 0.069472488047043 0.0285694058121453 0.0145340113097816
0.472680812214982 0.365191534082167 0.092586877418317 0.0398403509048316 0.0184192714137839
0.458824960091124 0.390223183886688 0.0884948922565379 0.0372166746706106 0.0157384675147905
0.439441965865006 0.415144717151462 0.0838506356104503 0.0369740566339094 0.0153421973424085
0.50534354057035 0.4208203039033 0.0405355898435746 0.0179596357573258 0.0103695048744964
0.478329689862105 0.426946031703753 0.0543460137922825 0.0226363365011347 0.011791902692345
0.490430568698355 0.357137270580284 0.0765339245819851 0.0420580820514694 0.0213424536309766
0.491702079600603 0.365083978447899 0.080577317441131 0.0370756430159351 0.0158091982804668
0.464016831276458 0.389413037433285 0.0849139536430636 0.036821255078574 0.0154769747553467
0.458277381555099 0.46391276705509 0.0404893127257437 0.0194075930261132 0.0119234121047666
0.505869994616221 0.404484067212312 0.0480559530263252 0.0224125148325672 0.0128052242000444
0.464703388758257 0.385617130430659 0.0800477051112324 0.0397888662650379 0.0183326485360014
0.439376803887612 0.43031005482504 0.0727270686561385 0.0338713908197917 0.0150587799309963
0.44152743386904 0.438565060927587 0.0692866545958523 0.0309483384404208 0.0121824524197498
0.434032279098276 0.466062046061145 0.0571046533148634 0.0250033657039468 0.0113577828098714
0.636330539025681 0.280228256485451 0.046227378072172 0.0240405603674196 0.00879364436604926
0.489935607927812 0.449927266974929 0.0342943563635333 0.0150548871073761 0.00772709307678079
0.45002511394099 0.398618765315284 0.0744331283821805 0.041955637533462 0.0226453595910141
0.449977826102666 0.405481548339571 0.0756852980741499 0.0380475558750126 0.0188071302734585
0.410637610848414 0.452957414418948 0.0744830751959468 0.0345033505307537 0.0170983174183803
0.39336077578107 0.487047952081534 0.0694744348757944 0.0285660530177215 0.0141228646045677
0.416645421779809 0.474367903303965 0.0619072618348936 0.0277771595526104 0.0122812198531879
0.460977481241143 0.450709927669315 0.0500355952770199 0.0222087914293283 0.0105139998981782
0.511229883826306 0.391983776783351 0.053732509607523 0.0255613813917101 0.0124787499838997
0.406578129331983 0.443470218350732 0.0636433362736459 0.0411382416243898 0.0286083101095518
0.407800252041697 0.448543253877626 0.0691017539826396 0.0365085005507811 0.024229639806013
0.356200147503162 0.513125842063488 0.072400740074143 0.0297081237693694 0.0186215260279699
0.351423963804404 0.523892928379173 0.0731394745083043 0.0274567978800584 0.0155929721666
0.456992525363091 0.436766284948492 0.0582735484593507 0.0271153340480512 0.0144556357638964
0.342908854570445 0.457348207941839 0.0586629398945845 0.0580168934038301 0.0565910205006323
0.37970662327649 0.440049068608344 0.0687969183562469 0.0431968041858454 0.0488924574074792
0.427567625541654 0.44258550642339 0.0681360414898508 0.0290850176674113 0.0227847650739661
0.44798550065149 0.444808694106313 0.0600073061287505 0.0268434074997606 0.0143066714562511
0.450125935979954 0.447435794297807 0.0559924205494486 0.0267246937364842 0.0141256162594816
0.433923676421942 0.426178166199065 0.0639414242350089 0.0358192070300597 0.0265271900446952
0.412732374859521 0.444779232635473 0.0691814938191956 0.0353296493747059 0.0279316978599672
0.435963306091195 0.433046384315162 0.0731594911605262 0.0328982038375672 0.0181919054212998
0.446965084589951 0.438654391493613 0.0639889778342815 0.0292264659016377 0.0150164739281569
0.484146900463197 0.418555905341574 0.0562829871737646 0.0246465466224537 0.0114423315238087
0.445770202079916 0.440432661690077 0.0654230417622636 0.0292813107181193 0.0133000782768351
0.455364853267038 0.415624043513998 0.076931227480403 0.0328450601465724 0.0132150042031934
0.525530971796116 0.390765058501945 0.0450021905407873 0.0245608243148788 0.00961636421547315
0.571048022534687 0.339647471686895 0.0485735856321361 0.022310160504366 0.0124478426392643
0.442910369413229 0.422587474174802 0.0734812782165392 0.0340139169539359 0.0198135492967176
0.424862422762007 0.437326826757478 0.0788807692707666 0.0340856310785578 0.0177334986685481
0.410300568567707 0.463034687343976 0.0782108104815771 0.029243148880558 0.0132909382964662
0.406940213815381 0.461802647308779 0.0805058219803353 0.0295009742423903 0.0146471895064528
0.377569343629874 0.467859126330007 0.0920962961528726 0.035564555929294 0.0184636275890232
0.407324849404169 0.445103452761677 0.0894743872038483 0.0342673451119043 0.0165103671455559
0.481483718479548 0.381445224500235 0.0688429387114276 0.0359383439672791 0.0222399172102767
0.415228921810785 0.432734588598941 0.0843273678455893 0.0368730297196787 0.02202182269686
0.392446449691158 0.465383278264776 0.0852730808540643 0.0321128668035309 0.0167660717880096
0.381507662397426 0.475746875544255 0.087741100921238 0.0310628662466102 0.0163019517838212
0.391003258150216 0.462139119049933 0.0888811105188806 0.0327350249776305 0.01738493370966
0.354236946812378 0.476542017797 0.0980657238302822 0.0392308352937455 0.0212653043179433
0.410489709832333 0.432119412980668 0.0855506952273737 0.0364803016429597 0.0248144583538929
0.388001141142672 0.431448891893809 0.0989020819931871 0.0399758828481293 0.0295211725302183
0.373600323605616 0.470513508460138 0.0940483983060479 0.0338250460611767 0.0192925140749002
0.374020572549587 0.473012983970454 0.0931706962430098 0.0325877350729507 0.0185279890336482
0.349068333713251 0.4838540431486 0.0979432445769666 0.0375155552900344 0.0206687789864587
0.340199635271582 0.43553460339384 0.108173626723762 0.0533313593904898 0.0481096506381894
0.363314818658452 0.446053444908425 0.103046109624385 0.0440098113885939 0.0319754849632212
0.359758584730717 0.474247714371826 0.0980379158666858 0.0358844877000134 0.0222845521459942
0.35081039700244 0.484686167758135 0.0964122900499012 0.0364950509419083 0.0207939624382989
0.368162016793219 0.463688055114475 0.0926102719741263 0.0396023853940613 0.0229113555174866
0.358202370367645 0.468061785760496 0.102402347920188 0.0395474969466239 0.0216881388447649
0.409049978783094 0.448814536426444 0.0859998221241887 0.0334973890993652 0.0157224042505777
0.445578755515315 0.428788265012825 0.0658241697629503 0.0330450949661484 0.017954808938455
0.349103249718049 0.487293290856934 0.0873539867969359 0.0368265839181298 0.0294990514380107
0.349399602038105 0.48480694248579 0.0953757155828071 0.0369771061969398 0.0219009638554106
0.358905632191317 0.478435628715204 0.0928677635657718 0.0365912180202131 0.0214264419569126
0.404264325452829 0.443967784868217 0.0905313155965681 0.0344048753638361 0.0177139739145767
0.3864479206154 0.471332714860055 0.0839416969338242 0.0334292893501694 0.0171075891677039
0.44911574308958 0.426318454383309 0.0731710775445417 0.0316839610156857 0.0136435607615161
0.373697556140702 0.524418959634985 0.0576364637589182 0.0223883717158707 0.0158474138407202
0.375824997132422 0.501147154764499 0.0639462323674216 0.0288290480715309 0.0205770962554028
0.377836153339393 0.484086134794284 0.0733117235267824 0.0323700696205946 0.0214321396958777
0.450264650844025 0.436449110743645 0.06695622444524 0.0251815066842067 0.0139630908165093
0.389171914759395 0.485146289250824 0.0729542223109679 0.0297634496736124 0.0150049546724896
0.389419148471619 0.481267148394002 0.0769081259990019 0.0303742374262861 0.0151098822436051
0.372815500752984 0.521856249757465 0.0556169348149891 0.0243316784306989 0.0193871164665102
0.434691869543737 0.492235176483221 0.0413213621105336 0.0165635746280869 0.010630158217872
0.386591495937214 0.524151943159013 0.0505154950221298 0.0200232433583647 0.01294601477313
0.375691267566162 0.517153320484865 0.0583474137187966 0.0261063010485774 0.0151177762255107
0.377517252222357 0.503693343331145 0.0675095446055118 0.028651266404523 0.0145450610655997
0.377315044508915 0.506569432957652 0.0667239400209019 0.0276919904089858 0.0138675421395033
0.536754466353309 0.410774179513211 0.0276532660358069 0.01324566444256 0.00791267184043742
0.638388273243914 0.329814318398762 0.0162501404979134 0.00794856618469678 0.00526310771820748
0.697771912700013 0.285397666939171 0.00918956604446246 0.00428920942175574 0.00232803016708013
0.530144398444789 0.407118984695002 0.0351672874373636 0.0144686493270634 0.00913021352973309]