Intervalli bande:
 delta=[1,3]Hz
 theta=[4,7]Hz
 alpha=[8,12]Hz
 beta=[13,24]Hz
 low gamma=[30,45]Hz

Di seguito la matrice 128x5 contenente per ogni riga i valori di potenza (media) relativa per ogni banda del canale i-esimo:

 [0.506425971561951 0.390654978746062 0.052220011073358 0.0251742120338162 0.0171598117590418
0.502182050251138 0.3890199332856 0.0646425389499828 0.0230623029874449 0.0131328191847471
0.416111535753192 0.420447473898171 0.10238682491313 0.03314440849042 0.0170730974254776
0.411937089466387 0.425299638790807 0.104258543635105 0.0314906195184711 0.0162896471192563
0.500204773380137 0.387597115703035 0.0711038091918569 0.0209814564545961 0.0121898468214308
0.659068101022686 0.264505200692109 0.0452316193092617 0.0162158532552244 0.00976879330947544
0.624382296407863 0.279112753383676 0.053353950191169 0.0235525857955865 0.0130790874973796
0.576986569084576 0.329596528818377 0.0398767239415725 0.023600234575729 0.02206733035242
0.534466429475085 0.271814847025326 0.0680961341113134 0.058018087357217 0.047899109240475
0.420181379423917 0.458264616220402 0.0771208863519001 0.023116431206648 0.0130548835260421
0.445558553309091 0.428502489513429 0.0797162250746176 0.0249778381412614 0.0134019198614638
0.46386352459581 0.407058204179774 0.0822649132545106 0.0254755025729862 0.0134258620381625
0.496523575393857 0.369157139403511 0.0857089047034322 0.0275151861944837 0.0136053020169063
0.440243489661811 0.45621515661736 0.0591106050610253 0.0215419798306103 0.0152782318923563
0.413332128794164 0.471402982640202 0.0714474303069964 0.0225653670329445 0.0135553694960671
0.428228720986207 0.447506258007318 0.0784645651855518 0.0244666113788608 0.0133164142464769
0.488757614889891 0.416462317641438 0.0520081482081664 0.0192474094413392 0.0163062819119099
0.426702536351774 0.44512684440406 0.0801654644708526 0.0254669878058425 0.0142112077934206
0.445340929383395 0.416329362193759 0.0874941855503262 0.0278034285412978 0.0146050889592214
0.478372210062936 0.369085146559857 0.0940650341800386 0.032254108087876 0.0165534761422668
0.441739415691045 0.436736653633526 0.0637806063775771 0.0261984692183194 0.0220771472257459
0.405923181786105 0.456979383612271 0.0812661288746548 0.0281547061552144 0.0182197543851022
0.377923087860131 0.451225527057791 0.0985469750391853 0.0378394834236866 0.0224776725263898
0.429543503013898 0.395802216055122 0.105143692335641 0.0379859115926104 0.0202455729367978
0.451149734369165 0.405017386378109 0.0755300276676955 0.032820144849328 0.0255582939385958
0.444657957377043 0.403898449143049 0.0892577512629293 0.0318659472036206 0.019612705500618
0.466070282168485 0.378454459589267 0.0929891608886116 0.0330003487661817 0.0188471506850534
0.489375718827254 0.344617912969258 0.0968223887908849 0.0366828182428139 0.020891558533831
0.503749899500103 0.334451786131321 0.0981371191307309 0.0360825884373655 0.0176469406306631
0.564549698490943 0.310491443771122 0.0744303720196011 0.0283902631530427 0.0145005876484029
0.603080233337393 0.294973690211285 0.0531792252214616 0.0259033136884398 0.0153559354004076
0.533207362899439 0.358808419293032 0.0641093601693728 0.0224773661526709 0.0139358984538734
0.500824195414081 0.375696170027377 0.0731292619685795 0.0257954326180041 0.0150630974479424
0.483105182250853 0.360776661654575 0.0922325304343191 0.0328798764816806 0.0190476615749434
0.489926403678517 0.340441548493871 0.0952084640409485 0.0390610921928762 0.0218385651742757
0.516287405359357 0.324254700463224 0.0914461033813199 0.0382588939802271 0.0192018034321221
0.568550486519815 0.326541002244272 0.0537909205042053 0.0277628890452678 0.0153716208786764
0.536753806059562 0.35298591021153 0.0645363065455476 0.0234241669566653 0.0141374278184293
0.481448173831409 0.373064468530004 0.0812802401291839 0.0321760280343876 0.0188174238465127
0.45898318370893 0.374839566296405 0.0935655240849342 0.0376236212999837 0.020832592376799
0.492351265408496 0.351026619568228 0.0879244059828162 0.0361863481355345 0.0196742377987971
0.477557002732737 0.371161054178847 0.0839373809077237 0.0357535997717558 0.0195275169351615
0.582553639682647 0.318679209512474 0.0571709075208072 0.0215103328971537 0.0132344059149254
0.523569639091724 0.356111401337931 0.0705488221626974 0.025661148695494 0.0148903967521944
0.460374567983295 0.351385960147906 0.0977288517229916 0.0462934501336171 0.0259596996435078
0.443458447110894 0.387808841942257 0.0965171662117638 0.0381895564187085 0.0198841549695827
0.492614038036924 0.3524414268183 0.087248570205015 0.0358283035997625 0.0189432998640938
0.606632494540382 0.300045837675329 0.0533058205297038 0.0207855783202686 0.0127166427951081
0.56016827924089 0.322921496848542 0.0646535745322967 0.0275756166143836 0.015963973425498
0.47216334358106 0.328982426137888 0.115164127410531 0.0421525860332465 0.0234095903474281
0.495985259675604 0.326908673971453 0.105301495461966 0.0372135863474972 0.0193729414634041
0.558495801402879 0.305537050247087 0.0772567482404223 0.0308749515291482 0.0167033662721548
0.588462413446885 0.299030154210279 0.0601033873162028 0.0264240484115871 0.0173442024231101
0.639939604388656 0.261274915744696 0.048410017476373 0.0242918461356918 0.0174362358169376
0.575419071900281 0.326639469040787 0.0614497094000131 0.0196276817625806 0.012059325634876
0.521902981645777 0.316958531011547 0.090694543151691 0.0362381996203036 0.0208312172419147
0.497385883409928 0.316218040607922 0.10705302214979 0.0397554059903608 0.0229385688077897
0.514039466766262 0.308394201160826 0.107820368235954 0.0350094779559123 0.0199755808545919
0.542801573784822 0.300507369036735 0.0950250040644726 0.0315701693002849 0.0177701949319456
0.588800428545692 0.280293368091944 0.0751800214596154 0.0284886489117029 0.016894829244752
0.626718040633846 0.264442784828334 0.0600756425095648 0.0242394142130373 0.0163139625405144
0.55962776704075 0.306009964558465 0.0799460561992315 0.0294918709440666 0.017001852328489
0.492791000597383 0.338429527549858 0.0931183481099117 0.0376372826158779 0.0245869535901264
0.504528410324148 0.327119883347094 0.0986386536194027 0.0342767382417453 0.022337275572277
0.531068472607283 0.308590300745748 0.0986695636353236 0.0310498062647949 0.0190460074094104
0.533007643980318 0.307604536942095 0.0968953968610669 0.0318224999527223 0.0197142324369615
0.551636596039558 0.314689053743037 0.0798331858252627 0.0279965169779961 0.0173332936583546
0.451323292369049 0.360905815410981 0.0851963025590877 0.0475367083828769 0.0388529792999929
0.456588723317435 0.353545582626994 0.090328963461124 0.0439595110840574 0.0408083827607291
0.472247509018433 0.366283936776837 0.0976260325191026 0.0345058390344882 0.0205531939575378
0.546540474247945 0.323096739612382 0.0781398139779346 0.0273946579117113 0.0165635889583143
0.551851559517833 0.32212790942883 0.0757576168169607 0.0267423186436713 0.0160729890774973
0.484041173990319 0.366635782353496 0.0822826313398116 0.0337572389942175 0.022105623914488
0.467980836869178 0.373726580104104 0.088162160142676 0.0374980669921499 0.0229740494506743
0.521183276694922 0.340696999719111 0.082441896022911 0.0311894006064331 0.0169039583695737
0.528015265717305 0.337415097012704 0.081190084216451 0.0283546088339615 0.0172891542222115
0.516860906772081 0.354705403593088 0.076484947461874 0.0296072092923063 0.0154621949890648
0.562092951171948 0.318815181724923 0.069602238898282 0.0285749862238111 0.0149961477316067
0.517858685019702 0.319058615363312 0.0936701288607386 0.0415349763254657 0.0193443192043477
0.544054561462674 0.345536542938459 0.0569915551298066 0.0338414501577595 0.0136446464430954
0.588795262017431 0.2912064494076 0.0702784989233105 0.0263682528087769 0.0148696003058029
0.497877398995908 0.358245256340845 0.0846573839199559 0.0325766371668025 0.018090585790922
0.485482582706551 0.360203787367784 0.0919544879517941 0.0345049427425538 0.0195218111220635
0.538939469346425 0.311983135284984 0.0889538168652309 0.0331268674777886 0.0188704360227302
0.502380853230353 0.332730190318773 0.0952929740495862 0.0395124679635448 0.0212959353331145
0.475694537338539 0.344345576618827 0.10250131432807 0.0445314266486904 0.0233018637335366
0.461896652186331 0.360467979221768 0.103530644291055 0.0428634762735065 0.0218204554271658
0.444940851248531 0.397318886136538 0.0840043878673208 0.037863556924167 0.0239375040204352
0.456778862155782 0.381780693359815 0.0934233818304726 0.0371078570356401 0.0212376014903149
0.467345437302837 0.354943122360624 0.105321490764868 0.0405252040218379 0.0223222307668876
0.478215290649912 0.34821071973881 0.101506856508494 0.0415470799444012 0.0211186921037011
0.493560207083758 0.335149783409752 0.0995923556115059 0.0416595629331305 0.0212357872331277
0.433387357453381 0.368808251497605 0.111930330796188 0.0488704844661755 0.0253788032168861
0.429958854753366 0.401887880127948 0.0932033477278877 0.0415114617626522 0.0225647380001657
0.42127193559471 0.388135382877329 0.106626424076161 0.0482121494842821 0.0243681240957346
0.44918084534383 0.367073784420836 0.107678563268021 0.0437493496026982 0.0224380247380145
0.463426344742505 0.355074448932363 0.106554986984138 0.0432074208098209 0.0221779386028546
0.432191437688618 0.372487277230682 0.114160809203007 0.0456565973953721 0.0248651644304564
0.352326958180138 0.409651719367661 0.114494797075264 0.0738178696163809 0.0342245592847622
0.389661422354199 0.398397778440122 0.112460441012949 0.0583639085681961 0.0283341211496979
0.424535560317124 0.379699115916474 0.112867152193051 0.0474435738436032 0.0246739840329093
0.429598585699237 0.37298707781434 0.116177500653464 0.0459407660870978 0.0245386568612214
0.4252676830343 0.364046555676707 0.121972187917823 0.0506261548959091 0.0248907340928622
0.39710685516787 0.375747985774018 0.132840908628035 0.0527549542191541 0.0262898149124058
0.455503788130743 0.36403086914097 0.10572139228714 0.0437080948342667 0.0210562802061347
0.470253708467814 0.365060211976509 0.0831613572257615 0.0442772916971318 0.0273344758744301
0.378017112618642 0.433048155212226 0.0988046046323739 0.0507182760823417 0.0264295248383741
0.408757366277184 0.388118592534465 0.117034772911703 0.047618190224471 0.0266107879339082
0.406841218586226 0.390976059510426 0.117417855529082 0.0476794771364348 0.0248721693036293
0.357889211323928 0.396529962930138 0.154862140598751 0.0531457130553474 0.0228535934152544
0.431189167015639 0.364998955294764 0.12320785783257 0.0457836804709041 0.0215765211794183
0.467250758380282 0.369214465735237 0.0935298649746896 0.0419687213245203 0.0190918991486442
0.426472176311844 0.430302749295472 0.0762098916480185 0.0336569264778669 0.0215540417554846
0.401773386476619 0.423388769312276 0.082625230045895 0.0453219130608956 0.0292380847519196
0.393056531144931 0.416812925296532 0.0965516804834832 0.048013973478032 0.0286195811427106
0.399935583755432 0.395141379969041 0.123766311258715 0.045035156498803 0.0228558393219398
0.353814190465541 0.428655213714497 0.13634549705819 0.0465512139389776 0.0208423434525016
0.411882398487227 0.392692764705778 0.120575004583688 0.0424884821566572 0.0201146407588172
0.439992937516079 0.427952677604294 0.0657147481175782 0.034059737054544 0.021553434512686
0.525529975431958 0.376156224945463 0.0516296632865425 0.0229851262176562 0.0151740959159186
0.43836663573743 0.429113707928936 0.0694235005991327 0.0306669094531914 0.0205537438334908
0.372734948709834 0.45256086753566 0.0936312132850829 0.0412107123830236 0.0254114780376551
0.363734602422539 0.440545699679348 0.121183881705642 0.0412669997739744 0.0204147393679534
0.373126192528734 0.432837952648345 0.121368108913224 0.0403159719360534 0.0196251971160954
0.669998083623702 0.27730956946124 0.0274732931751946 0.01336895982597 0.00800371154907488
0.71851829375856 0.242377001488132 0.020281093347109 0.00997264914898195 0.00600726438962405
0.791940474157007 0.172219096776486 0.0219321475892759 0.00997120123078615 0.00263037597346689
0.604054542817355 0.309061599019681 0.0503270030256964 0.0188503341758263 0.0118544127016081]