Intervalli bande:
 delta=[1,3]Hz
 theta=[4,7]Hz
 alpha=[8,12]Hz
 beta=[13,24]Hz
 low gamma=[30,45]Hz

Di seguito la matrice 128x5 contenente per ogni riga i valori di potenza (media) relativa per ogni banda del canale i-esimo:

 [0.493016772825345 0.385025806312468 0.0635673889118729 0.0323034849476398 0.0180817314593999
0.461779902335422 0.411495277311188 0.0690098441311334 0.0329597217936382 0.0172326236814571
0.395007618175494 0.442826517418583 0.0892692479094558 0.0425284454207467 0.0213039741343385
0.388144106516197 0.452245045571689 0.0886396489667754 0.0416932283984832 0.0205063476806248
0.411067015643657 0.45908729375311 0.0693900903430274 0.0332050873877259 0.0190000227612152
0.434543223190556 0.445970331870406 0.0590046610768213 0.0379076736351211 0.0161154158053625
0.396864862524261 0.431769790805107 0.0842722554516893 0.0544079374492105 0.0215105991226112
0.459009048306345 0.401357834413675 0.0618010594881635 0.0345109218137158 0.0326480450203569
0.711134192285659 0.177351582045122 0.0536601935291088 0.0310279229145782 0.0184127509210681
0.4144214034317 0.460393104408801 0.06734896794562 0.0317209075909606 0.0176124409907719
0.44068805350051 0.424583113845909 0.0724602142474759 0.035364377450361 0.0179607300311135
0.443438358143089 0.42485154784428 0.070667906952321 0.0351848878979685 0.0172616612682574
0.450019197047199 0.402869971203092 0.0786361015249219 0.0415312336233591 0.0179969116479545
0.400901597504342 0.483527060305481 0.0580211299874632 0.0277761232344189 0.0209995842517782
0.425618954228959 0.454643497694313 0.0631145157044884 0.0297895530405452 0.0179768365935344
0.432199367302713 0.43990099374837 0.0689315062268377 0.0325343552380332 0.0176583904446879
0.424224230880919 0.459831008645842 0.0543751356039967 0.0277098272801788 0.0250686690567759
0.434050962327488 0.432950383887035 0.0714773474992373 0.0340640729759872 0.0181399234317604
0.448425988929426 0.411751066996575 0.0760307880090388 0.0362168642335865 0.0182491452825528
0.454553927719214 0.394212506785829 0.0827232837336627 0.039580435721974 0.019557687998079
0.429207803608502 0.446239010018427 0.0581558964206094 0.0308690773535922 0.0243368199598404
0.419642341020419 0.448139727709165 0.0680876822584911 0.0338560637984481 0.0197082376830544
0.410356553486201 0.434532077115393 0.0793106356841451 0.0407773128126942 0.0230018279614938
0.433552365975168 0.407990336181966 0.0850057061485193 0.0409677453139291 0.0214250215916303
0.458643334309829 0.415426779386618 0.0581675685957844 0.0352394948272259 0.0208366003305243
0.428518328226926 0.427202382672329 0.0748891145286635 0.0372563907176378 0.0203427807711072
0.438596879596021 0.404965944133844 0.0863320234786035 0.0389196471990172 0.0194813775092766
0.435600258146177 0.391511674299241 0.0951126250719723 0.0444263503028622 0.0216114278838401
0.457358171001983 0.383148647888346 0.0867577299830037 0.0430295186899733 0.0201750778222251
0.441434196004936 0.40127722788887 0.0828108845529865 0.0452140347435991 0.0198424158935561
0.37518120006175 0.443038294531958 0.0882175957839727 0.0569885648091826 0.0239470453317442
0.488173450821443 0.388224598124831 0.067765969724979 0.0307917313906491 0.0150623682398952
0.463031278889943 0.38977058575312 0.0833122659043458 0.0358115803149367 0.0170357590063274
0.436073236991188 0.386463420286524 0.100385341106228 0.0430983956892805 0.0213879890897373
0.426169493337657 0.393137506525035 0.0972119871540149 0.0475286402922943 0.0234792663171575
0.441452800106005 0.386925251306275 0.0908217420042925 0.0469685039136341 0.0230371255615471
0.375739152020014 0.441198304927254 0.0897699685069922 0.0557565474412933 0.0247765438931434
0.548646043072747 0.334703616584044 0.0652178415180105 0.0282030711307673 0.0135606414676791
0.431767615178716 0.381006298961206 0.105036581623157 0.0474301165594143 0.0214808995281488
0.50638904197487 0.332315963309816 0.0881679089042116 0.0415509197991183 0.0205098601826057
0.426424638699282 0.402362246395214 0.0892279570525144 0.0465194118863499 0.0234355322436832
0.384920264568088 0.435266170032691 0.0902596041389046 0.0504239377157499 0.0257645558705071
0.48618172177496 0.376183142240692 0.081040517814221 0.0315836276598392 0.014778580537101
0.495081172069421 0.36471508108634 0.0797867960411524 0.0337144718930315 0.0154578735106217
0.410840411018331 0.382446435617414 0.104276400069508 0.0554066986238151 0.0298181608495591
0.716627643308866 0.200982153898969 0.0494200628074396 0.0199361541185959 0.00871255302188806
0.441036329451157 0.393587341115495 0.0856928549472041 0.0451430233496666 0.0229532925276257
0.469974026570348 0.3924913100793 0.0741329700306121 0.0366111076901652 0.0156251741058165
0.558861116205683 0.311182037560701 0.0712281208566886 0.0321468977690067 0.0153098864626093
0.37750251209305 0.419804120001376 0.106457761092028 0.0527347761379819 0.0272135061232367
0.373602648654511 0.441381303801352 0.0953383651300866 0.0499624033304298 0.0262012904102748
0.365710853077813 0.453982329165616 0.0902774778645706 0.0516042785525813 0.0254897075474816
0.357452584844696 0.460865656355044 0.0868952574856912 0.055780415515731 0.0257174019626874
0.410455408242846 0.422616185796924 0.0775284589438456 0.050083803884737 0.0262268127900062
0.41415645342552 0.449143913650214 0.067928754346946 0.044435656506546 0.01600243764056
0.429255245018765 0.39068234943784 0.0938891398767941 0.0458531073371655 0.023092426340725
0.385704383776652 0.420236702775136 0.104059723118528 0.0493420981783046 0.0243365783127608
0.372789913084299 0.443005650928962 0.0997401856023551 0.0475185479626821 0.0235506333622399
0.35658562132866 0.465549147781928 0.0942965567306679 0.047402648039734 0.0245450723592984
0.362310254582406 0.457106379739262 0.0906133438352581 0.0522448527991756 0.0250570314391841
0.405902194339112 0.425058282211878 0.0830056872349712 0.0502753657353667 0.0238383615062498
0.45733133516839 0.394391573596065 0.0813139228955501 0.0382174274933924 0.0193723630999168
0.424579401144358 0.406134235751019 0.0818197411533137 0.0436114771699145 0.0277249353875339
0.401931649106292 0.426366654083248 0.0882909509198209 0.0434640772293648 0.0255849958085089
0.400441811302962 0.434726188607867 0.0905732552528664 0.0419184350008689 0.0214506281539234
0.396561763910603 0.43621098576623 0.0908471302063544 0.0437838432410591 0.0224247096115566
0.44185009192145 0.408262492096563 0.0825135170904919 0.0377438545374119 0.0198409014836263
0.401716651679019 0.39780351041418 0.0779194403934575 0.0528923046501686 0.049023896948475
0.4092078581972 0.406533219197434 0.0768534840574814 0.0452096938604759 0.0452550509705974
0.474727701620583 0.39019851341164 0.0729737501364838 0.0337795737491823 0.0192896084834262
0.442349797916579 0.40568917638576 0.084109591542381 0.0380533367976204 0.0201952193641089
0.444844639270597 0.404630613196035 0.0844974167717523 0.0369893781790017 0.0197988356695666
0.425843079714243 0.42495148600331 0.0732056873834064 0.0390291693901304 0.0245453625629434
0.42021877931967 0.43205828451671 0.0749009369391977 0.034997998001048 0.0258877721457575
0.43641075317915 0.415507533477521 0.082863539251142 0.0346438314688763 0.0204126525275667
0.451235345127942 0.398864701341026 0.0859037883920144 0.0357260249166733 0.0189273545887938
0.47340940854351 0.374766491074777 0.0896873918874144 0.0356264219070624 0.0178489066423819
0.416476547231391 0.399160849857521 0.107635473300995 0.0443656534706125 0.0216491426299542
0.470441324493581 0.368852272231179 0.0915476233458288 0.0398418775323111 0.0187376166321773
0.625351415722516 0.259263325512898 0.0564283204274833 0.0367255618254778 0.0149560340757039
0.478421231003228 0.389407290420445 0.071024947279888 0.0338863136895233 0.0184199958889909
0.429031579398239 0.421458205969211 0.0801542154779289 0.03534581439416 0.0233240860481358
0.442966249262743 0.403805213631309 0.0919354844028451 0.0326485403097649 0.0195246317954289
0.423374065108431 0.398464892212252 0.115842210063704 0.033908056887162 0.0196359829943272
0.401960528925259 0.400134378941936 0.123200047200532 0.0419088211249593 0.0221134247010296
0.338477631178581 0.444901578475396 0.125736233824756 0.0523644788851181 0.0247898131712215
0.371411408570095 0.432069285744585 0.110998054994867 0.0506081246836898 0.0227331942971469
0.421623465511633 0.430048872869739 0.0740553445774707 0.0378823339122457 0.0259361371593909
0.440198372289965 0.407012246898309 0.0873728734957153 0.0339174584145304 0.0222173937637754
0.428354478955791 0.399588874110445 0.107377168164347 0.0358378598389731 0.0202382151335919
0.386092955406644 0.416457044460868 0.124882525393215 0.0403856525789469 0.0222368398964728
0.365333611261234 0.419269502289411 0.131867998204121 0.0478175989164767 0.0236167819545411
0.319000415025494 0.459591342110133 0.126456462909423 0.0538459279895326 0.0262272473658705
0.414457471957719 0.432950806635844 0.0853057847137945 0.0363191742904674 0.0215915979539761
0.415032218074284 0.403387652871459 0.0960551174116186 0.0439625922412961 0.0306853723660424
0.381941666047543 0.417866349933287 0.125548112220697 0.0424002046851674 0.0224214281616898
0.359443478229107 0.423543773584889 0.135678762954711 0.0464663237686107 0.0235758106946397
0.336183739078444 0.431290182596961 0.137250632521389 0.0544511993761866 0.0261320905482093
0.384113116798308 0.442749276833147 0.0996190101547333 0.0423805830270035 0.0216238953612656
0.368802828734183 0.437653708754428 0.116381602453105 0.0449396817855453 0.0220507699622822
0.352034253799553 0.4290534950193 0.13531678560505 0.0479253853128231 0.0241747478422725
0.333725005592601 0.432583843265278 0.138701365947402 0.0544436212516482 0.0261298933692348
0.338435610122334 0.429715081307537 0.132747782134219 0.0554716133775872 0.0272547927741351
0.330704721674369 0.465029875955775 0.11390136747269 0.0519590255502322 0.0249507417955589
0.371680620099791 0.440405499104227 0.1062936914551 0.0487974991378087 0.0216134974793467
0.424738730958918 0.409260296595036 0.0794103350533873 0.0482202564039031 0.0259793298162991
0.386762463658145 0.449101076520882 0.0952753109975186 0.040457549330011 0.0185228910876038
0.333878049697228 0.432524732437567 0.136778647965883 0.0556160366917703 0.0264839112651794
0.344889486246535 0.424618293891264 0.134618002459998 0.0548904246799793 0.0261531651767789
0.382473772009917 0.405014145534959 0.118096792689294 0.05517419727301 0.0270302437603496
0.347309746806767 0.467838795655382 0.103050638787284 0.0479181770945541 0.0228288941430379
0.445598634627939 0.397088484247307 0.086473261357166 0.0437114594065285 0.0180099430490708
0.41635537335425 0.440388742803128 0.080497461756486 0.0357666459777468 0.0170711298462734
0.379300450605522 0.438254688672817 0.0967269002738944 0.0465144251229408 0.0251450864782265
0.372678018439062 0.424013706446233 0.111447172661457 0.0509918280937988 0.0263201998902804
0.391945219936073 0.418454214995308 0.106609110504427 0.048335795608372 0.0231186790393152
0.381223201401569 0.426855263874149 0.102814411177499 0.0511138562497435 0.0269692107974805
0.377967025945875 0.446435123814618 0.0968682258687327 0.0463471325034961 0.0222942404743741
0.496246994505104 0.379900105858763 0.0620196796905945 0.0376647578955536 0.0151393433971599
0.490274037171359 0.396228924845589 0.0638799203220017 0.0285435084808253 0.0135043207786163
0.418846346223071 0.441084532811084 0.0770563742908108 0.0354269543013994 0.0179135262119567
0.410352429869091 0.428140036587088 0.083441868764614 0.0427949133107877 0.0245264419589405
0.384495278039606 0.435309980533816 0.0947354282509922 0.0485558768262383 0.0262232211506575
0.38401849727703 0.438692530789512 0.095385701116196 0.0475944633301814 0.0244803387884946
0.635380907030792 0.288361849657261 0.0425071613392295 0.0200523445209116 0.00878472731999646
0.683365249727461 0.247636533543381 0.0374969734862287 0.0191686993495578 0.00835260809411977
0.596937088845089 0.250925300879876 0.0451178902174513 0.0864078687664366 0.0115209037717085
0.531164000653385 0.349764133158377 0.0593697059148708 0.0364417797776739 0.0142006766191704]